185.4629867977 176.9777054234 1.0000000000
189.7056274848 181.2203461105 2.0000000000
181.2203461105 189.7056274848 2.0000000000
176.9777054234 185.4629867977 1.0000000000
#

185.4629867977 176.9777054234 1.0000000000
189.7056274848 181.2203461105 0.0000000000
181.2203461105 189.7056274848 0.0000000000
176.9777054234 185.4629867977 1.0000000000
#

185.4629867977 176.9777054234 1.0000000000
181.2203461105 172.7350647363 0.0000000000
172.7350647363 181.2203461105 0.0000000000
176.9777054234 185.4629867977 1.0000000000
#

185.4629867977 176.9777054234 1.0000000000
181.2203461105 172.7350647363 2.0000000000
172.7350647363 181.2203461105 2.0000000000
176.9777054234 185.4629867977 1.0000000000
#

185.4629867977 176.9777054234 1.0000000000
189.7056274848 181.2203461105 2.0000000000
181.2203461105 189.7056274848 2.0000000000
176.9777054234 185.4629867977 1.0000000000
#

