189.7056274848 181.2203461105 3.0000000000
190.7409036652 177.3566428054 4.0000000000
190.7409036652 177.3566428054 2.0000000000
189.7056274848 181.2203461105 2.0000000000
#

189.7056274848 181.2203461105 3.0000000000
193.5693307899 180.1850699301 4.0000000000
193.5693307899 180.1850699301 2.0000000000
189.7056274848 181.2203461105 2.0000000000
#

189.7056274848 181.2203461105 3.0000000000
192.5340546095 184.0487732353 2.0000000000
192.5340546095 184.0487732353 2.0000000000
189.7056274848 181.2203461105 2.0000000000
#

189.7056274848 181.2203461105 3.0000000000
188.6703513044 185.0840494157 4.0000000000
188.6703513044 185.0840494157 2.0000000000
189.7056274848 181.2203461105 2.0000000000
#

189.7056274848 181.2203461105 3.0000000000
185.8419241796 182.2556222909 4.0000000000
185.8419241796 182.2556222909 2.0000000000
189.7056274848 181.2203461105 2.0000000000
#

189.7056274848 181.2203461105 3.0000000000
186.8772003600 178.3919189858 4.0000000000
186.8772003600 178.3919189858 2.0000000000
189.7056274848 181.2203461105 2.0000000000
#

189.7056274848 181.2203461105 3.0000000000
190.7409036652 177.3566428054 4.0000000000
190.7409036652 177.3566428054 2.0000000000
189.7056274848 181.2203461105 2.0000000000
#

