98.9661226005 123.4425032636 3.0000000000
100.3342031738 119.6837327804 4.0000000000
100.3342031738 119.6837327804 2.0000000000
98.9661226005 123.4425032636 2.0000000000
#

98.9661226005 123.4425032636 3.0000000000
102.9053536126 122.7479105529 4.0000000000
102.9053536126 122.7479105529 2.0000000000
98.9661226005 123.4425032636 2.0000000000
#

98.9661226005 123.4425032636 3.0000000000
101.5372730393 126.5066810361 2.0000000000
101.5372730393 126.5066810361 2.0000000000
98.9661226005 123.4425032636 2.0000000000
#

98.9661226005 123.4425032636 3.0000000000
97.5980420272 127.2012737467 4.0000000000
97.5980420272 127.2012737467 2.0000000000
98.9661226005 123.4425032636 2.0000000000
#

98.9661226005 123.4425032636 3.0000000000
95.0268915885 124.1370959743 4.0000000000
95.0268915885 124.1370959743 2.0000000000
98.9661226005 123.4425032636 2.0000000000
#

98.9661226005 123.4425032636 3.0000000000
96.3949721618 120.3783254911 4.0000000000
96.3949721618 120.3783254911 2.0000000000
98.9661226005 123.4425032636 2.0000000000
#

98.9661226005 123.4425032636 3.0000000000
100.3342031738 119.6837327804 4.0000000000
100.3342031738 119.6837327804 2.0000000000
98.9661226005 123.4425032636 2.0000000000
#

