106.6795739168 132.6350365810 3.0000000000
108.0476544901 128.8762660979 4.0000000000
108.0476544901 128.8762660979 2.0000000000
106.6795739168 132.6350365810 2.0000000000
#

106.6795739168 132.6350365810 3.0000000000
110.6188049288 131.9404438703 4.0000000000
110.6188049288 131.9404438703 2.0000000000
106.6795739168 132.6350365810 2.0000000000
#

106.6795739168 132.6350365810 3.0000000000
109.2507243555 135.6992143535 2.0000000000
109.2507243555 135.6992143535 2.0000000000
106.6795739168 132.6350365810 2.0000000000
#

106.6795739168 132.6350365810 3.0000000000
105.3114933435 136.3938070642 4.0000000000
105.3114933435 136.3938070642 2.0000000000
106.6795739168 132.6350365810 2.0000000000
#

106.6795739168 132.6350365810 3.0000000000
102.7403429047 133.3296292917 4.0000000000
102.7403429047 133.3296292917 2.0000000000
106.6795739168 132.6350365810 2.0000000000
#

106.6795739168 132.6350365810 3.0000000000
104.1084234780 129.5708588085 4.0000000000
104.1084234780 129.5708588085 2.0000000000
106.6795739168 132.6350365810 2.0000000000
#

106.6795739168 132.6350365810 3.0000000000
108.0476544901 128.8762660979 4.0000000000
108.0476544901 128.8762660979 2.0000000000
106.6795739168 132.6350365810 2.0000000000
#

