108.1586559180 115.7290519473 3.0000000000
109.5267364913 111.9702814642 4.0000000000
109.5267364913 111.9702814642 2.0000000000
108.1586559180 115.7290519473 2.0000000000
#

108.1586559180 115.7290519473 3.0000000000
112.0978869300 115.0344592367 4.0000000000
112.0978869300 115.0344592367 2.0000000000
108.1586559180 115.7290519473 2.0000000000
#

108.1586559180 115.7290519473 3.0000000000
110.7298063567 118.7932297198 2.0000000000
110.7298063567 118.7932297198 2.0000000000
108.1586559180 115.7290519473 2.0000000000
#

108.1586559180 115.7290519473 3.0000000000
106.7905753447 119.4878224305 4.0000000000
106.7905753447 119.4878224305 2.0000000000
108.1586559180 115.7290519473 2.0000000000
#

108.1586559180 115.7290519473 3.0000000000
104.2194249059 116.4236446580 4.0000000000
104.2194249059 116.4236446580 2.0000000000
108.1586559180 115.7290519473 2.0000000000
#

108.1586559180 115.7290519473 3.0000000000
105.5875054792 112.6648741749 4.0000000000
105.5875054792 112.6648741749 2.0000000000
108.1586559180 115.7290519473 2.0000000000
#

108.1586559180 115.7290519473 3.0000000000
109.5267364913 111.9702814642 4.0000000000
109.5267364913 111.9702814642 2.0000000000
108.1586559180 115.7290519473 2.0000000000
#

