77.0000000000 154.0000000000 60.5000000000
80.0000000000 160.0000000000 121.0000000000
80.0000000000 160.0000000000 121.0000000000
77.0000000000 166.0000000000 60.5000000000
#

77.0000000000 154.0000000000 60.5000000000
86.0000000000 148.0000000000 0.0000000000
86.0000000000 172.0000000000 0.0000000000
77.0000000000 166.0000000000 60.5000000000
#

77.0000000000 154.0000000000 60.5000000000
74.0000000000 148.0000000000 0.0000000000
74.0000000000 172.0000000000 0.0000000000
77.0000000000 166.0000000000 60.5000000000
#

77.0000000000 154.0000000000 60.5000000000
80.0000000000 160.0000000000 121.0000000000
80.0000000000 160.0000000000 121.0000000000
77.0000000000 166.0000000000 60.5000000000
#

77.0000000000 154.0000000000 60.5000000000
80.0000000000 160.0000000000 121.0000000000
80.0000000000 160.0000000000 121.0000000000
77.0000000000 166.0000000000 60.5000000000
#

