94.4792463977 70.6983184498 40.5000000000
100.0000000000 80.0000000000 81.0000000000
100.0000000000 80.0000000000 81.0000000000
93.5371991853 88.6736500753 40.5000000000
#

94.4792463977 70.6983184498 40.5000000000
112.9256016294 62.6526998493 0.0000000000
111.0415072047 98.6033631005 0.0000000000
93.5371991853 88.6736500753 40.5000000000
#

94.4792463977 70.6983184498 40.5000000000
88.9584927953 61.3966368995 0.0000000000
87.0743983706 97.3473001507 0.0000000000
93.5371991853 88.6736500753 40.5000000000
#

94.4792463977 70.6983184498 40.5000000000
100.0000000000 80.0000000000 81.0000000000
100.0000000000 80.0000000000 81.0000000000
93.5371991853 88.6736500753 40.5000000000
#

94.4792463977 70.6983184498 40.5000000000
100.0000000000 80.0000000000 81.0000000000
100.0000000000 80.0000000000 81.0000000000
93.5371991853 88.6736500753 40.5000000000
#

