34.0000000000 71.0000000000 5.5000000000
46.0000000000 71.0000000000 11.0000000000
46.0000000000 107.0000000000 11.0000000000
34.0000000000 107.0000000000 5.5000000000
#

34.0000000000 71.0000000000 5.5000000000
46.0000000000 71.0000000000 0.0000000000
46.0000000000 107.0000000000 0.0000000000
34.0000000000 107.0000000000 5.5000000000
#

34.0000000000 71.0000000000 5.5000000000
22.0000000000 71.0000000000 0.0000000000
22.0000000000 107.0000000000 0.0000000000
34.0000000000 107.0000000000 5.5000000000
#

34.0000000000 71.0000000000 5.5000000000
22.0000000000 71.0000000000 11.0000000000
22.0000000000 107.0000000000 11.0000000000
34.0000000000 107.0000000000 5.5000000000
#

34.0000000000 71.0000000000 5.5000000000
46.0000000000 71.0000000000 11.0000000000
46.0000000000 107.0000000000 11.0000000000
34.0000000000 107.0000000000 5.5000000000
#

