80.0000000000 74.0000000000 5.5000000000
86.0000000000 74.0000000000 11.0000000000
86.0000000000 86.0000000000 11.0000000000
80.0000000000 86.0000000000 5.5000000000
#

80.0000000000 74.0000000000 5.5000000000
86.0000000000 74.0000000000 0.0000000000
86.0000000000 86.0000000000 0.0000000000
80.0000000000 86.0000000000 5.5000000000
#

80.0000000000 74.0000000000 5.5000000000
74.0000000000 74.0000000000 0.0000000000
74.0000000000 86.0000000000 0.0000000000
80.0000000000 86.0000000000 5.5000000000
#

80.0000000000 74.0000000000 5.5000000000
74.0000000000 74.0000000000 11.0000000000
74.0000000000 86.0000000000 11.0000000000
80.0000000000 86.0000000000 5.5000000000
#

80.0000000000 74.0000000000 5.5000000000
86.0000000000 74.0000000000 11.0000000000
86.0000000000 86.0000000000 11.0000000000
80.0000000000 86.0000000000 5.5000000000
#

