153.0000000000 104.8038475773 35.5000000000
168.5884572681 113.8038475773 71.0000000000
162.5884572681 124.1961524227 71.0000000000
147.0000000000 115.1961524227 35.5000000000
#

153.0000000000 104.8038475773 35.5000000000
168.5884572681 113.8038475773 0.0000000000
162.5884572681 124.1961524227 0.0000000000
147.0000000000 115.1961524227 35.5000000000
#

153.0000000000 104.8038475773 35.5000000000
137.4115427319 95.8038475773 0.0000000000
131.4115427319 106.1961524227 0.0000000000
147.0000000000 115.1961524227 35.5000000000
#

153.0000000000 104.8038475773 35.5000000000
137.4115427319 95.8038475773 71.0000000000
131.4115427319 106.1961524227 71.0000000000
147.0000000000 115.1961524227 35.5000000000
#

153.0000000000 104.8038475773 35.5000000000
168.5884572681 113.8038475773 71.0000000000
162.5884572681 124.1961524227 71.0000000000
147.0000000000 115.1961524227 35.5000000000
#

