77.0000000000 108.0000000000 39.0000000000
80.0000000000 108.0000000000 81.0000000000
80.0000000000 132.0000000000 81.0000000000
77.0000000000 132.0000000000 39.0000000000
#

77.0000000000 108.0000000000 39.0000000000
86.0000000000 108.0000000000 -3.0000000000
86.0000000000 132.0000000000 -3.0000000000
77.0000000000 132.0000000000 39.0000000000
#

77.0000000000 108.0000000000 39.0000000000
74.0000000000 108.0000000000 -3.0000000000
74.0000000000 132.0000000000 -3.0000000000
77.0000000000 132.0000000000 39.0000000000
#

77.0000000000 108.0000000000 39.0000000000
80.0000000000 108.0000000000 81.0000000000
80.0000000000 132.0000000000 81.0000000000
77.0000000000 132.0000000000 39.0000000000
#

77.0000000000 108.0000000000 39.0000000000
80.0000000000 108.0000000000 81.0000000000
80.0000000000 132.0000000000 81.0000000000
77.0000000000 132.0000000000 39.0000000000
#

