114.0000000000 108.0000000000 30.5000000000
120.0000000000 108.0000000000 61.0000000000
120.0000000000 132.0000000000 61.0000000000
114.0000000000 132.0000000000 30.5000000000
#

114.0000000000 108.0000000000 30.5000000000
132.0000000000 108.0000000000 0.0000000000
132.0000000000 132.0000000000 0.0000000000
114.0000000000 132.0000000000 30.5000000000
#

114.0000000000 108.0000000000 30.5000000000
108.0000000000 108.0000000000 0.0000000000
108.0000000000 132.0000000000 0.0000000000
114.0000000000 132.0000000000 30.5000000000
#

114.0000000000 108.0000000000 30.5000000000
120.0000000000 108.0000000000 61.0000000000
120.0000000000 132.0000000000 61.0000000000
114.0000000000 132.0000000000 30.5000000000
#

114.0000000000 108.0000000000 30.5000000000
120.0000000000 108.0000000000 61.0000000000
120.0000000000 132.0000000000 61.0000000000
114.0000000000 132.0000000000 30.5000000000
#

