74.8492424049 140.9081169080 20.5000000000
76.9705627485 143.0294372515 41.0000000000
43.0294372515 176.9705627485 41.0000000000
40.9081169080 174.8492424049 20.5000000000
#

74.8492424049 140.9081169080 20.5000000000
81.2132034356 147.2720779386 0.0000000000
47.2720779386 181.2132034356 0.0000000000
40.9081169080 174.8492424049 20.5000000000
#

74.8492424049 140.9081169080 20.5000000000
72.7279220614 138.7867965644 0.0000000000
38.7867965644 172.7279220614 0.0000000000
40.9081169080 174.8492424049 20.5000000000
#

74.8492424049 140.9081169080 20.5000000000
76.9705627485 143.0294372515 41.0000000000
43.0294372515 176.9705627485 41.0000000000
40.9081169080 174.8492424049 20.5000000000
#

74.8492424049 140.9081169080 20.5000000000
76.9705627485 143.0294372515 41.0000000000
43.0294372515 176.9705627485 41.0000000000
40.9081169080 174.8492424049 20.5000000000
#

