77.0000000000 34.0000000000 10.5000000000
80.0000000000 34.0000000000 21.0000000000
80.0000000000 46.0000000000 21.0000000000
77.0000000000 46.0000000000 10.5000000000
#

77.0000000000 34.0000000000 10.5000000000
86.0000000000 34.0000000000 0.0000000000
86.0000000000 46.0000000000 0.0000000000
77.0000000000 46.0000000000 10.5000000000
#

77.0000000000 34.0000000000 10.5000000000
74.0000000000 34.0000000000 0.0000000000
74.0000000000 46.0000000000 0.0000000000
77.0000000000 46.0000000000 10.5000000000
#

77.0000000000 34.0000000000 10.5000000000
80.0000000000 34.0000000000 21.0000000000
80.0000000000 46.0000000000 21.0000000000
77.0000000000 46.0000000000 10.5000000000
#

77.0000000000 34.0000000000 10.5000000000
80.0000000000 34.0000000000 21.0000000000
80.0000000000 46.0000000000 21.0000000000
77.0000000000 46.0000000000 10.5000000000
#

